-0.16105417276720352,-1.0395314787701317
-0.14348462664714495,-1.0190336749633968
-0.1054172767203514,-0.9224011713030746
-0.1054172767203514,-0.9194729136163983
-0.1054172767203514,-0.9165446559297219
-0.1054172767203514,-0.9019033674963397
-0.10248901903367497,-0.890190336749634
-0.17276720351390923,-0.8404099560761347
-0.14055636896046853,-0.8404099560761347
-0.24011713030746706,-0.8374816983894583
-0.17569546120058566,-0.8374816983894583
-0.09370424597364568,-0.8374816983894583
-0.06734992679355783,-0.8228404099560762
-0.2020497803806735,-0.8199121522693997
-0.0527086383601757,-0.8111273792093705
-0.22840409956076135,-0.808199121522694
-0.040995607613469986,-0.7994143484626648
-0.032210834553440704,-0.7759882869692534
-0.24890190336749635,-0.7584187408491947
-0.2342606149341142,-0.7554904831625183
-0.02342606149341142,-0.726207906295754
-0.19912152269399708,-0.6734992679355783
-0.19326500732064422,-0.6734992679355783
-0.37481698389458273,-0.670571010248902
0.0527086383601757,-0.670571010248902
-0.36603221083455345,-0.664714494875549
-0.3718887262079063,-0.6617862371888726
-0.2635431918008785,-0.6617862371888726
-0.36603221083455345,-0.6588579795021963
-0.23718887262079064,-0.6588579795021963
-0.37481698389458273,-0.6559297218155198
0.0527086383601757,-0.6559297218155198
0.13177159590043924,-0.6530014641288433
0.017569546120058566,-0.6442166910688141
-0.24011713030746706,-0.6412884333821376
-0.2840409956076135,-0.6383601756954612
0.03806734992679356,-0.6383601756954612
-0.26939970717423134,-0.6354319180087848
-0.4890190336749634,-0.6237188872620791
-0.4802342606149341,-0.6207906295754027
-0.5329428989751098,-0.6178623718887262
0.15519765739385066,-0.6178623718887262
-0.424597364568082,-0.6032210834553441
-0.5475841874084919,-0.5944363103953147
-0.4685212298682284,-0.5915080527086384
0.18448023426061494,-0.582723279648609
-0.5505124450951684,-0.5797950219619327
0.18740849194729137,-0.5797950219619327
-0.5710102489019033,-0.5768667642752563
0.26061493411420206,-0.5768667642752563
0.34260614934114203,-0.5739385065885798
-0.568081991215227,-0.5710102489019033
-0.568081991215227,-0.5651537335285506
-0.5563689604685212,-0.5651537335285506
-0.5622254758418741,-0.5563689604685212
0.18740849194729137,-0.5563689604685212
0.19912152269399708,-0.5475841874084919
-0.5036603221083455,-0.5212298682284041
0.32503660322108346,-0.506588579795022
-0.5563689604685212,-0.486090775988287
-0.6471449487554906,-0.48316251830161056
-0.6559297218155198,-0.45095168374816985
-0.6295754026354319,-0.45095168374816985
-0.6471449487554906,-0.42752562225475843
-0.6588579795021963,-0.4216691068814056
0.35724743777452417,-0.4216691068814056
0.3191800878477306,-0.4158125915080527
0.3396778916544656,-0.40702781844802344
-0.6325036603221084,-0.38945827232796487
0.3513909224011713,-0.38945827232796487
-0.6969253294289898,-0.363103953147877
0.36603221083455345,-0.3601756954612006
0.4128843338213763,-0.3601756954612006
0.404099560761347,-0.3484626647144949
0.4158125915080527,-0.3279648609077599
0.4011713030746706,-0.32210834553440704
-1.0102489019033676,-0.3103953147877013
-1.191800878477306,-0.30453879941434847
-0.7057101024890191,-0.28989751098096633
-1.1215226939970717,-0.2840409956076135
-1.0190336749633968,-0.2840409956076135
0.37481698389458273,-0.2840409956076135
-1.0102489019033676,-0.28111273792093705
0.3953147877013177,-0.2752562225475842
-1.1215226939970717,-0.27232796486090777
-1.0658857979502196,-0.26939970717423134
-1.0629575402635432,-0.2635431918008785
-1.0248901903367496,-0.2547584187408492
-1.048316251830161,-0.2518301610541728
-1.0307467057101025,-0.2518301610541728
-0.869692532942899,-0.24011713030746706
-0.8843338213762811,-0.23718887262079064
0.38945827232796487,-0.23718887262079064
-0.8638360175695461,-0.2342606149341142
-0.7379209370424598,-0.2342606149341142
0.42752562225475843,-0.23133235724743778
-0.8433382137628112,-0.22840409956076135
-0.8609077598828697,-0.22547584187408493
-0.7203513909224012,-0.21669106881405564
-1.1537335285505126,-0.21376281112737922
-0.7408491947291362,-0.20790629575402636
0.4158125915080527,-0.20790629575402636
0.38945827232796487,-0.19619326500732065
-0.726207906295754,-0.1903367496339678
-1.2240117130307469,-0.18448023426061494
-1.2474377745241583,-0.17276720351390923
-0.8111273792093705,-0.1698389458272328
-0.7379209370424598,-0.1698389458272328
0.37481698389458273,-0.13469985358711567
0.4011713030746706,-0.1259150805270864
-1.2474377745241583,-0.1171303074670571
-1.2357247437774523,-0.09370424597364568
-1.2474377745241583,-0.0849194729136164
-1.3235724743777453,-0.08199121522693997
-1.3118594436310396,-0.07613469985358712
-1.2445095168374818,-0.07613469985358712
-1.341142020497804,-0.06734992679355783
-1.2942898975109811,-0.06734992679355783
-1.2884333821376281,-0.06149341142020498
0.3308931185944363,-0.05856515373352855
-1.2562225475841875,-0.03513909224011713
-1.2562225475841875,0.03513909224011713
0.3308931185944363,0.05856515373352855
-1.2884333821376281,0.06149341142020498
-1.341142020497804,0.06734992679355783
-1.2942898975109811,0.06734992679355783
-1.3118594436310396,0.07613469985358712
-1.2445095168374818,0.07613469985358712
-1.3235724743777453,0.08199121522693997
-1.2474377745241583,0.0849194729136164
-1.2357247437774523,0.09370424597364568
-1.2474377745241583,0.1171303074670571
0.4011713030746706,0.1259150805270864
0.37481698389458273,0.13469985358711567
-0.8111273792093705,0.1698389458272328
-0.7379209370424598,0.1698389458272328
-1.2474377745241583,0.17276720351390923
-1.2240117130307469,0.18448023426061494
-0.726207906295754,0.1903367496339678
0.38945827232796487,0.19619326500732065
-0.7408491947291362,0.20790629575402636
0.4158125915080527,0.20790629575402636
-1.1537335285505126,0.21376281112737922
-0.7203513909224012,0.21669106881405564
-0.8609077598828697,0.22547584187408493
-0.8433382137628112,0.22840409956076135
0.42752562225475843,0.23133235724743778
-0.8638360175695461,0.2342606149341142
-0.7379209370424598,0.2342606149341142
-0.8843338213762811,0.23718887262079064
0.38945827232796487,0.23718887262079064
-0.869692532942899,0.24011713030746706
-1.048316251830161,0.2518301610541728
-1.0307467057101025,0.2518301610541728
-1.0248901903367496,0.2547584187408492
-1.0629575402635432,0.2635431918008785
-1.0658857979502196,0.26939970717423134
-1.1215226939970717,0.27232796486090777
0.3953147877013177,0.2752562225475842
-1.0102489019033676,0.28111273792093705
-1.1215226939970717,0.2840409956076135
-1.0190336749633968,0.2840409956076135
0.37481698389458273,0.2840409956076135
-0.7057101024890191,0.28989751098096633
-1.191800878477306,0.30453879941434847
-1.0102489019033676,0.3103953147877013
0.4011713030746706,0.32210834553440704
0.4158125915080527,0.3279648609077599
0.404099560761347,0.3484626647144949
0.36603221083455345,0.3601756954612006
0.4128843338213763,0.3601756954612006
-0.6969253294289898,0.363103953147877
-0.6325036603221084,0.38945827232796487
0.3513909224011713,0.38945827232796487
0.3396778916544656,0.40702781844802344
0.3191800878477306,0.4158125915080527
-0.6588579795021963,0.4216691068814056
0.35724743777452417,0.4216691068814056
-0.6471449487554906,0.42752562225475843
-0.6559297218155198,0.45095168374816985
-0.6295754026354319,0.45095168374816985
-0.6471449487554906,0.48316251830161056
-0.5563689604685212,0.486090775988287
0.32503660322108346,0.506588579795022
-0.5036603221083455,0.5212298682284041
0.19912152269399708,0.5475841874084919
-0.5622254758418741,0.5563689604685212
0.18740849194729137,0.5563689604685212
-0.568081991215227,0.5651537335285506
-0.5563689604685212,0.5651537335285506
-0.568081991215227,0.5710102489019033
0.34260614934114203,0.5739385065885798
-0.5710102489019033,0.5768667642752563
0.26061493411420206,0.5768667642752563
-0.5505124450951684,0.5797950219619327
0.18740849194729137,0.5797950219619327
0.18448023426061494,0.582723279648609
-0.4685212298682284,0.5915080527086384
-0.5475841874084919,0.5944363103953147
-0.424597364568082,0.6032210834553441
-0.5329428989751098,0.6178623718887262
0.15519765739385066,0.6178623718887262
-0.4802342606149341,0.6207906295754027
-0.4890190336749634,0.6237188872620791
-0.26939970717423134,0.6354319180087848
-0.2840409956076135,0.6383601756954612
0.03806734992679356,0.6383601756954612
-0.24011713030746706,0.6412884333821376
0.017569546120058566,0.6442166910688141
0.13177159590043924,0.6530014641288433
-0.37481698389458273,0.6559297218155198
0.0527086383601757,0.6559297218155198
-0.36603221083455345,0.6588579795021963
-0.23718887262079064,0.6588579795021963
-0.3718887262079063,0.6617862371888726
-0.2635431918008785,0.6617862371888726
-0.36603221083455345,0.664714494875549
-0.37481698389458273,0.670571010248902
0.0527086383601757,0.670571010248902
-0.19912152269399708,0.6734992679355783
-0.19326500732064422,0.6734992679355783
-0.02342606149341142,0.726207906295754
-0.2342606149341142,0.7554904831625183
-0.24890190336749635,0.7584187408491947
-0.032210834553440704,0.7759882869692534
-0.040995607613469986,0.7994143484626648
-0.22840409956076135,0.808199121522694
-0.0527086383601757,0.8111273792093705
-0.2020497803806735,0.8199121522693997
-0.06734992679355783,0.8228404099560762
-0.24011713030746706,0.8374816983894583
-0.17569546120058566,0.8374816983894583
-0.09370424597364568,0.8374816983894583
-0.17276720351390923,0.8404099560761347
-0.14055636896046853,0.8404099560761347
-0.10248901903367497,0.890190336749634
-0.1054172767203514,0.9019033674963397
-0.1054172767203514,0.9165446559297219
-0.1054172767203514,0.9194729136163983
-0.1054172767203514,0.9224011713030746
-0.14348462664714495,1.0190336749633968
-0.16105417276720352,1.0395314787701317
